Webots Project File version R2023a
perspectives: 000000ff00000000fd00000002000000010000026f000002a5fc0200000001fb0000001400540065007800740045006400690074006f00720100000016000002a50000008700ffffff00000003000007800000011ffc0100000001fc00000000000007800000006900fffffffa000000000100000002fb0000001a0043006f006e0073006f006c00650041006c006c0041006c006c0100000000ffffffff0000006900fffffffb0000001a0043006f006e0073006f006c00650041006c006c0041006c006c0100000000ffffffff00000000000000000000050f000002a500000001000000020000000100000008fc00000000
simulationViewPerspectives: 000000ff000000010000000200000110000004ef0100000002010000000101
sceneTreePerspectives: 000000ff00000001000000030000001e000000c0000000fa0100000002010000000201
maximizedDockId: -1
centralWidgetVisible: 1
orthographicViewHeight: 1
textFiles: 1 "controllers/LeaderController/LeaderController.hpp" "controllers/ScoutController/ScoutController.hpp"
consoles: Console:All:All
renderingDevicePerspectives: 0:camera depth;0;0.0890625;0;0
renderingDevicePerspectives: 0:camera rgb;0;0.0890625;0;0
renderingDevicePerspectives: 1:camera;0;3.07692;0;0
renderingDevicePerspectives: 2:camera;0;1;0;0
renderingDevicePerspectives: 3:camera;0;1;0;0
